biosql.csv
WC: 0.5	WT: 0.5
PreProcessingChanges:ON	PreProcessingTime:ON
Start	End	TotUpd	mi	ei	abs	pow	sum
0	4	41	8.20	2	6.20	6.20
				0	8.20	8.20
				34	25.80	25.80
				0	8.20	8.20
				5	3.20	3.20	51.60
				
5	7	3	1.00	0	1.00	1.00
				0	1.00	1.00
				3	2.00	2.00	4.00
				
8	17	82	8.20	2	6.20	6.20
				51	42.80	42.80
				5	3.20	3.20
				5	3.20	3.20
				1	7.20	7.20
				0	8.20	8.20
				3	5.20	5.20
				7	1.20	1.20
				5	3.20	3.20
				3	5.20	5.20	85.60
				
18	25	147	18.38	4	14.38	14.38
				2	16.38	16.38
				99	80.62	80.62
				6	12.38	12.38
				20	1.62	1.62
				10	8.38	8.38
				2	16.38	16.38
				4	14.38	14.38	164.50
				
26	27	69	34.50	50	15.50	15.50
				19	15.50	15.50	31.00
				
28	30	7	2.33	3	0.67	0.67
				4	1.67	1.67
				0	2.33	2.33	4.67
				
31	32	32	16.00	16	0.00	0.00
				16	0.00	0.00	0.00
				
33	36	0	0.00	0	0.00	0.00
				0	0.00	0.00
				0	0.00	0.00
				0	0.00	0.00	0.00
				
37	44	4	0.50	2	1.50	1.50
				0	0.50	0.50
				0	0.50	0.50
				0	0.50	0.50
				0	0.50	0.50
				0	0.50	0.50
				0	0.50	0.50
				2	1.50	1.50	6.00
				
45	45	0	0.00	0	0.00	0.00	0.00
				
			347.3666627407074

