opencart.csv
WC: 0.5	WT: 0.5
PreProcessingChanges:ON	PreProcessingTime:ON
Start	End	TotUpd	mi	ei	abs	pow	sum
0	10	659	59.91	75	15.09	15.09
				0	59.91	59.91
				0	59.91	59.91
				0	59.91	59.91
				0	59.91	59.91
				0	59.91	59.91
				0	59.91	59.91
				0	59.91	59.91
				292	232.09	232.09
				292	232.09	232.09
				0	59.91	59.91	958.55
				
11	15	25	5.00	2	3.00	3.00
				5	0.00	0.00
				10	5.00	5.00
				6	1.00	1.00
				2	3.00	3.00	12.00
				
16	17	1211	605.50	602	3.50	3.50
				609	3.50	3.50	7.00
				
18	20	44	14.67	23	8.33	8.33
				7	7.67	7.67
				14	0.67	0.67	16.67
				
21	22	711	355.50	0	355.50	355.50
				711	355.50	355.50	711.00
				
23	32	26	2.60	1	1.60	1.60
				0	2.60	2.60
				4	1.40	1.40
				0	2.60	2.60
				10	7.40	7.40
				9	6.40	6.40
				0	2.60	2.60
				2	0.60	0.60
				0	2.60	2.60
				0	2.60	2.60	30.40
				
33	36	283	70.75	2	68.75	68.75
				268	197.25	197.25
				0	70.75	70.75
				13	57.75	57.75	394.50
				
37	56	39	1.95	1	0.95	0.95
				6	4.05	4.05
				0	1.95	1.95
				2	0.05	0.05
				0	1.95	1.95
				0	1.95	1.95
				0	1.95	1.95
				0	1.95	1.95
				0	1.95	1.95
				0	1.95	1.95
				28	26.05	26.05
				0	1.95	1.95
				0	1.95	1.95
				1	0.95	0.95
				0	1.95	1.95
				0	1.95	1.95
				0	1.95	1.95
				0	1.95	1.95
				0	1.95	1.95
				1	0.95	0.95	60.30
				
57	164	402	3.72	135	131.28	131.28
				5	1.28	1.28
				1	2.72	2.72
				4	0.28	0.28
				6	2.28	2.28
				2	1.72	1.72
				0	3.72	3.72
				3	0.72	0.72
				3	0.72	0.72
				3	0.72	0.72
				0	3.72	3.72
				3	0.72	0.72
				0	3.72	3.72
				1	2.72	2.72
				0	3.72	3.72
				0	3.72	3.72
				0	3.72	3.72
				0	3.72	3.72
				1	2.72	2.72
				0	3.72	3.72
				0	3.72	3.72
				0	3.72	3.72
				0	3.72	3.72
				0	3.72	3.72
				0	3.72	3.72
				0	3.72	3.72
				15	11.28	11.28
				5	1.28	1.28
				1	2.72	2.72
				0	3.72	3.72
				0	3.72	3.72
				0	3.72	3.72
				0	3.72	3.72
				3	0.72	0.72
				2	1.72	1.72
				0	3.72	3.72
				0	3.72	3.72
				0	3.72	3.72
				16	12.28	12.28
				1	2.72	2.72
				2	1.72	1.72
				0	3.72	3.72
				0	3.72	3.72
				4	0.28	0.28
				30	26.28	26.28
				33	29.28	29.28
				0	3.72	3.72
				0	3.72	3.72
				0	3.72	3.72
				4	0.28	0.28
				0	3.72	3.72
				0	3.72	3.72
				2	1.72	1.72
				1	2.72	2.72
				0	3.72	3.72
				1	2.72	2.72
				19	15.28	15.28
				19	15.28	15.28
				2	1.72	1.72
				4	0.28	0.28
				8	4.28	4.28
				0	3.72	3.72
				0	3.72	3.72
				0	3.72	3.72
				0	3.72	3.72
				0	3.72	3.72
				1	2.72	2.72
				0	3.72	3.72
				0	3.72	3.72
				0	3.72	3.72
				2	1.72	1.72
				0	3.72	3.72
				4	0.28	0.28
				4	0.28	0.28
				0	3.72	3.72
				0	3.72	3.72
				1	2.72	2.72
				0	3.72	3.72
				0	3.72	3.72
				0	3.72	3.72
				0	3.72	3.72
				12	8.28	8.28
				5	1.28	1.28
				2	1.72	1.72
				0	3.72	3.72
				1	2.72	2.72
				0	3.72	3.72
				0	3.72	3.72
				7	3.28	3.28
				1	2.72	2.72
				0	3.72	3.72
				0	3.72	3.72
				0	3.72	3.72
				3	0.72	0.72
				1	2.72	2.72
				1	2.72	2.72
				1	2.72	2.72
				7	3.28	3.28
				0	3.72	3.72
				0	3.72	3.72
				0	3.72	3.72
				0	3.72	3.72
				0	3.72	3.72
				0	3.72	3.72
				0	3.72	3.72
				5	1.28	1.28
				0	3.72	3.72
				5	1.28	1.28	540.78
				
165	165	2	2.00	2	0.00	0.00	0.00
				
			2731.189913749695

