filesHandler/input/atlas.csv
WC: 0.0	WT: 0.0
PreProcessingChanges:OFF	PreProcessingTime:ON
Start	End	TotUpd	mi	ei	abs	pow	sum
0	67	700	10.29	0	10.29	10.29
				6	4.29	4.29
				13	2.71	2.71
				0	10.29	10.29
				3	7.29	7.29
				2	8.29	8.29
				9	1.29	1.29
				1	9.29	9.29
				12	1.71	1.71
				0	10.29	10.29
				4	6.29	6.29
				14	3.71	3.71
				1	9.29	9.29
				20	9.71	9.71
				1	9.29	9.29
				1	9.29	9.29
				10	0.29	0.29
				2	8.29	8.29
				56	45.71	45.71
				0	10.29	10.29
				0	10.29	10.29
				43	32.71	32.71
				6	4.29	4.29
				2	8.29	8.29
				2	8.29	8.29
				6	4.29	4.29
				6	4.29	4.29
				8	2.29	2.29
				2	8.29	8.29
				8	2.29	2.29
				1	9.29	9.29
				53	42.71	42.71
				64	53.71	53.71
				5	5.29	5.29
				21	10.71	10.71
				0	10.29	10.29
				0	10.29	10.29
				17	6.71	6.71
				3	7.29	7.29
				23	12.71	12.71
				2	8.29	8.29
				3	7.29	7.29
				0	10.29	10.29
				1	9.29	9.29
				1	9.29	9.29
				1	9.29	9.29
				1	9.29	9.29
				1	9.29	9.29
				95	84.71	84.71
				1	9.29	9.29
				13	2.71	2.71
				0	10.29	10.29
				40	29.71	29.71
				37	26.71	26.71
				2	8.29	8.29
				2	8.29	8.29
				19	8.71	8.71
				1	9.29	9.29
				2	8.29	8.29
				0	10.29	10.29
				1	9.29	9.29
				1	9.29	9.29
				2	8.29	8.29
				0	10.29	10.29
				3	7.29	7.29
				12	1.71	1.71
				29	18.71	18.71
				5	5.29	5.29	791.41
				
68	69	87	43.50	40	3.50	3.50
				47	3.50	3.50	7.00
				
70	70	4	4.00	4	0.00	0.00	0.00
				
71	72	9	4.50	0	4.50	4.50
				9	4.50	4.50	9.00
				
73	76	42	10.50	15	4.50	4.50
				15	4.50	4.50
				0	10.50	10.50
				12	1.50	1.50	21.00
				
77	77	23	23.00	23	0.00	0.00	0.00
				
78	78	0	0.00	0	0.00	0.00	0.00
				
79	79	1	1.00	1	0.00	0.00	0.00
				
80	80	1	1.00	1	0.00	0.00	0.00
				
81	81	0	0.00	0	0.00	0.00	0.00
				
82	82	3	3.00	3	0.00	0.00	0.00
				
83	83	1	1.00	1	0.00	0.00	0.00
				
			828.4117774963379

