filesHandler/input/biosql.csv
WC: 0.0	WT: 0.0
PreProcessingChanges:ON	PreProcessingTime:ON
Start	End	TotUpd	mi	ei	abs	pow	sum
0	15	118	7.38	2	5.38	5.38
				0	7.38	7.38
				34	26.62	26.62
				0	7.38	7.38
				5	2.38	2.38
				0	7.38	7.38
				0	7.38	7.38
				3	4.38	4.38
				2	5.38	5.38
				51	43.62	43.62
				5	2.38	2.38
				5	2.38	2.38
				1	6.38	6.38
				0	7.38	7.38
				3	4.38	4.38
				7	0.38	0.38	140.50
				
16	16	5	5.00	5	0.00	0.00	0.00
				
17	17	3	3.00	3	0.00	0.00	0.00
				
18	25	147	18.38	4	14.38	14.38
				2	16.38	16.38
				99	80.62	80.62
				6	12.38	12.38
				20	1.62	1.62
				10	8.38	8.38
				2	16.38	16.38
				4	14.38	14.38	164.50
				
26	27	69	34.50	50	15.50	15.50
				19	15.50	15.50	31.00
				
28	30	7	2.33	3	0.67	0.67
				4	1.67	1.67
				0	2.33	2.33	4.67
				
31	32	32	16.00	16	0.00	0.00
				16	0.00	0.00	0.00
				
33	36	0	0.00	0	0.00	0.00
				0	0.00	0.00
				0	0.00	0.00
				0	0.00	0.00	0.00
				
37	37	2	2.00	2	0.00	0.00	0.00
				
38	43	0	0.00	0	0.00	0.00
				0	0.00	0.00
				0	0.00	0.00
				0	0.00	0.00
				0	0.00	0.00
				0	0.00	0.00	0.00
				
44	44	2	2.00	2	0.00	0.00	0.00
				
45	45	0	0.00	0	0.00	0.00	0.00
				
			340.6666667461395

