/Users/comitech/Documents/Plutarch_Parallel_Lives/filesHandler/input/atlas.csv
WC: 0.0	WT: 1.0
PreProcessingChanges:ON	PreProcessingTime:OFF
Start	End	TotUpd	mi	ei	abs	pow	sum
0	12	65	5.00	0	5.00	5.00
				6	1.00	1.00
				13	8.00	8.00
				0	5.00	5.00
				3	2.00	2.00
				2	3.00	3.00
				9	4.00	4.00
				1	4.00	4.00
				12	7.00	7.00
				0	5.00	5.00
				4	1.00	1.00
				14	9.00	9.00
				1	4.00	4.00	58.00
				
13	77	800	12.31	20	7.69	7.69
				1	11.31	11.31
				1	11.31	11.31
				10	2.31	2.31
				2	10.31	10.31
				56	43.69	43.69
				0	12.31	12.31
				0	12.31	12.31
				43	30.69	30.69
				6	6.31	6.31
				2	10.31	10.31
				2	10.31	10.31
				6	6.31	6.31
				6	6.31	6.31
				8	4.31	4.31
				2	10.31	10.31
				8	4.31	4.31
				1	11.31	11.31
				53	40.69	40.69
				64	51.69	51.69
				5	7.31	7.31
				21	8.69	8.69
				0	12.31	12.31
				0	12.31	12.31
				17	4.69	4.69
				3	9.31	9.31
				23	10.69	10.69
				2	10.31	10.31
				3	9.31	9.31
				0	12.31	12.31
				1	11.31	11.31
				1	11.31	11.31
				1	11.31	11.31
				1	11.31	11.31
				1	11.31	11.31
				95	82.69	82.69
				1	11.31	11.31
				13	0.69	0.69
				0	12.31	12.31
				40	27.69	27.69
				37	24.69	24.69
				2	10.31	10.31
				2	10.31	10.31
				19	6.69	6.69
				1	11.31	11.31
				2	10.31	10.31
				0	12.31	12.31
				1	11.31	11.31
				1	11.31	11.31
				2	10.31	10.31
				0	12.31	12.31
				3	9.31	9.31
				12	0.31	0.31
				29	16.69	16.69
				5	7.31	7.31
				40	27.69	27.69
				47	34.69	34.69
				4	8.31	8.31
				0	12.31	12.31
				9	3.31	3.31
				15	2.69	2.69
				15	2.69	2.69
				0	12.31	12.31
				12	0.31	0.31
				23	10.69	10.69	872.31
				
78	83	6	1.00	0	1.00	1.00
				1	0.00	0.00
				1	0.00	0.00
				0	1.00	1.00
				3	2.00	2.00
				1	0.00	0.00	4.00
				
			934.3076887130737

