filesHandler/input/mwiki.csv
WC: 0.5	WT: 0.5
PreProcessingChanges:OFF	PreProcessingTime:OFF
Start	End	TotUpd	mi	ei	abs	pow	sum
0	1	2	1.00	0	1.00	1.00
				2	1.00	1.00	2.00
				
2	4	5	1.67	3	1.33	1.33
				2	0.33	0.33
				0	1.67	1.67	3.33
				
5	12	11	1.38	3	1.62	1.62
				1	0.38	0.38
				3	1.62	1.62
				1	0.38	0.38
				0	1.38	1.38
				0	1.38	1.38
				3	1.62	1.62
				0	1.38	1.38	9.75
				
13	13	1	1.00	1	0.00	0.00	0.00
				
14	20	14	2.00	4	2.00	2.00
				3	1.00	1.00
				4	2.00	2.00
				0	2.00	2.00
				1	1.00	1.00
				2	0.00	0.00
				0	2.00	2.00	10.00
				
21	33	36	2.77	0	2.77	2.77
				5	2.23	2.23
				1	1.77	1.77
				1	1.77	1.77
				1	1.77	1.77
				1	1.77	1.77
				7	4.23	4.23
				3	0.23	0.23
				5	2.23	2.23
				1	1.77	1.77
				3	0.23	0.23
				3	0.23	0.23
				5	2.23	2.23	23.23
				
34	37	15	3.75	8	4.25	4.25
				6	2.25	2.25
				0	3.75	3.75
				1	2.75	2.75	13.00
				
38	39	4	2.00	0	2.00	2.00
				4	2.00	2.00	4.00
				
40	40	48	48.00	48	0.00	0.00	0.00
				
41	43	2	0.67	1	0.33	0.33
				0	0.67	0.67
				1	0.33	0.33	1.33
				
44	70	69	2.56	1	1.56	1.56
				1	1.56	1.56
				5	2.44	2.44
				1	1.56	1.56
				1	1.56	1.56
				8	5.44	5.44
				1	1.56	1.56
				3	0.44	0.44
				1	1.56	1.56
				1	1.56	1.56
				2	0.56	0.56
				0	2.56	2.56
				6	3.44	3.44
				0	2.56	2.56
				8	5.44	5.44
				5	2.44	2.44
				3	0.44	0.44
				4	1.44	1.44
				2	0.56	0.56
				0	2.56	2.56
				7	4.44	4.44
				1	1.56	1.56
				3	0.44	0.44
				0	2.56	2.56
				1	1.56	1.56
				2	0.56	0.56
				2	0.56	0.56	52.89
				
71	74	8	2.00	1	1.00	1.00
				0	2.00	2.00
				5	3.00	3.00
				2	0.00	0.00	6.00
				
75	79	0	0.00	0	0.00	0.00
				0	0.00	0.00
				0	0.00	0.00
				0	0.00	0.00
				0	0.00	0.00	0.00
				
80	87	12	1.50	0	1.50	1.50
				2	0.50	0.50
				0	1.50	1.50
				1	0.50	0.50
				0	1.50	1.50
				3	1.50	1.50
				3	1.50	1.50
				3	1.50	1.50	10.00
				
88	88	0	0.00	0	0.00	0.00	0.00
				
89	95	12	1.71	5	3.29	3.29
				0	1.71	1.71
				1	0.71	0.71
				0	1.71	1.71
				3	1.29	1.29
				2	0.29	0.29
				1	0.71	0.71	9.71
				
96	104	36	4.00	20	16.00	16.00
				7	3.00	3.00
				0	4.00	4.00
				0	4.00	4.00
				0	4.00	4.00
				0	4.00	4.00
				6	2.00	2.00
				0	4.00	4.00
				3	1.00	1.00	42.00
				
105	106	3	1.50	0	1.50	1.50
				3	1.50	1.50	3.00
				
107	108	2	1.00	1	0.00	0.00
				1	0.00	0.00	0.00
				
109	123	16	1.07	1	0.07	0.07
				3	1.93	1.93
				6	4.93	4.93
				1	0.07	0.07
				1	0.07	0.07
				1	0.07	0.07
				0	1.07	1.07
				0	1.07	1.07
				0	1.07	1.07
				0	1.07	1.07
				0	1.07	1.07
				0	1.07	1.07
				2	0.93	0.93
				1	0.07	0.07
				0	1.07	1.07	15.60
				
124	125	0	0.00	0	0.00	0.00
				0	0.00	0.00	0.00
				
126	137	21	1.75	6	4.25	4.25
				0	1.75	1.75
				0	1.75	1.75
				2	0.25	0.25
				0	1.75	1.75
				1	0.75	0.75
				1	0.75	0.75
				0	1.75	1.75
				1	0.75	0.75
				1	0.75	0.75
				0	1.75	1.75
				9	7.25	7.25	23.50
				
138	140	1	0.33	1	0.67	0.67
				0	0.33	0.33
				0	0.33	0.33	1.33
				
141	146	23	3.83	5	1.17	1.17
				5	1.17	1.17
				0	3.83	3.83
				5	1.17	1.17
				1	2.83	2.83
				7	3.17	3.17	13.33
				
147	147	0	0.00	0	0.00	0.00	0.00
				
148	148	129	129.00	129	0.00	0.00	0.00
				
149	162	14	1.00	7	6.00	6.00
				0	1.00	1.00
				0	1.00	1.00
				0	1.00	1.00
				2	1.00	1.00
				0	1.00	1.00
				1	0.00	0.00
				1	0.00	0.00
				0	1.00	1.00
				1	0.00	0.00
				0	1.00	1.00
				0	1.00	1.00
				0	1.00	1.00
				2	1.00	1.00	16.00
				
163	169	2	0.29	0	0.29	0.29
				0	0.29	0.29
				0	0.29	0.29
				0	0.29	0.29
				0	0.29	0.29
				1	0.71	0.71
				1	0.71	0.71	2.86
				
170	170	7	7.00	7	0.00	0.00	0.00
				
171	175	22	4.40	14	9.60	9.60
				2	2.40	2.40
				2	2.40	2.40
				2	2.40	2.40
				2	2.40	2.40	19.20
				
176	179	4	1.00	1	0.00	0.00
				3	2.00	2.00
				0	1.00	1.00
				0	1.00	1.00	4.00
				
180	190	12	1.09	1	0.09	0.09
				6	4.91	4.91
				1	0.09	0.09
				0	1.09	1.09
				0	1.09	1.09
				1	0.09	0.09
				1	0.09	0.09
				0	1.09	1.09
				1	0.09	0.09
				0	1.09	1.09
				1	0.09	0.09	9.82
				
191	195	0	0.00	0	0.00	0.00
				0	0.00	0.00
				0	0.00	0.00
				0	0.00	0.00
				0	0.00	0.00	0.00
				
196	208	26	2.00	8	6.00	6.00
				0	2.00	2.00
				1	1.00	1.00
				0	2.00	2.00
				8	6.00	6.00
				2	0.00	0.00
				2	0.00	0.00
				0	2.00	2.00
				1	1.00	1.00
				1	1.00	1.00
				1	1.00	1.00
				1	1.00	1.00
				1	1.00	1.00	24.00
				
209	210	24	12.00	12	0.00	0.00
				12	0.00	0.00	0.00
				
211	211	0	0.00	0	0.00	0.00	0.00
				
212	215	38	9.50	12	2.50	2.50
				3	6.50	6.50
				12	2.50	2.50
				11	1.50	1.50	13.00
				
216	221	0	0.00	0	0.00	0.00
				0	0.00	0.00
				0	0.00	0.00
				0	0.00	0.00
				0	0.00	0.00
				0	0.00	0.00	0.00
				
222	232	12	1.09	5	3.91	3.91
				5	3.91	3.91
				0	1.09	1.09
				0	1.09	1.09
				0	1.09	1.09
				0	1.09	1.09
				0	1.09	1.09
				1	0.09	0.09
				0	1.09	1.09
				1	0.09	0.09
				0	1.09	1.09	15.64
				
233	246	20	1.43	3	1.57	1.57
				0	1.43	1.43
				0	1.43	1.43
				3	1.57	1.57
				0	1.43	1.43
				0	1.43	1.43
				3	1.57	1.57
				2	0.57	0.57
				3	1.57	1.57
				0	1.43	1.43
				0	1.43	1.43
				2	0.57	0.57
				2	0.57	0.57
				2	0.57	0.57	17.14
				
247	248	0	0.00	0	0.00	0.00
				0	0.00	0.00	0.00
				
249	250	3	1.50	2	0.50	0.50
				1	0.50	0.50	1.00
				
251	253	6	2.00	3	1.00	1.00
				0	2.00	2.00
				3	1.00	1.00	4.00
				
254	257	0	0.00	0	0.00	0.00
				0	0.00	0.00
				0	0.00	0.00
				0	0.00	0.00	0.00
				
258	263	17	2.83	1	1.83	1.83
				2	0.83	0.83
				0	2.83	2.83
				3	0.17	0.17
				2	0.83	0.83
				9	6.17	6.17	12.67
				
264	266	6	2.00	0	2.00	2.00
				1	1.00	1.00
				5	3.00	3.00	6.00
				
267	272	0	0.00	0	0.00	0.00
				0	0.00	0.00
				0	0.00	0.00
				0	0.00	0.00
				0	0.00	0.00
				0	0.00	0.00	0.00
				
273	274	100	50.00	50	0.00	0.00
				50	0.00	0.00	0.00
				
275	284	13	1.30	1	0.30	0.30
				1	0.30	0.30
				1	0.30	0.30
				1	0.30	0.30
				1	0.30	0.30
				0	1.30	1.30
				5	3.70	3.70
				1	0.30	0.30
				2	0.70	0.70
				0	1.30	1.30	8.80
				
285	286	2	1.00	2	1.00	1.00
				0	1.00	1.00	2.00
				
287	294	45	5.62	14	8.38	8.38
				2	3.62	3.62
				0	5.62	5.62
				3	2.62	2.62
				0	5.62	5.62
				0	5.62	5.62
				13	7.38	7.38
				13	7.38	7.38	46.25
				
295	298	17	4.25	0	4.25	4.25
				2	2.25	2.25
				2	2.25	2.25
				13	8.75	8.75	17.50
				
299	299	1	1.00	1	0.00	0.00	0.00
				
300	311	25	2.08	13	10.92	10.92
				2	0.08	0.08
				0	2.08	2.08
				0	2.08	2.08
				0	2.08	2.08
				0	2.08	2.08
				0	2.08	2.08
				1	1.08	1.08
				6	3.92	3.92
				1	1.08	1.08
				1	1.08	1.08
				1	1.08	1.08	29.67
				
312	317	9	1.50	0	1.50	1.50
				1	0.50	0.50
				0	1.50	1.50
				0	1.50	1.50
				4	2.50	2.50
				4	2.50	2.50	10.00
				
318	321	1	0.25	1	0.75	0.75
				0	0.25	0.25
				0	0.25	0.25
				0	0.25	0.25	1.50
				
			505.05515852570534

