filesHandler/input/phpBB.csv
WC: 0.0	WT: 0.0
PreProcessingChanges:ON	PreProcessingTime:ON
Start	End	TotUpd	mi	ei	abs	pow	sum
0	102	699	6.79	2	4.79	4.79
				2	4.79	4.79
				28	21.21	21.21
				1	5.79	5.79
				0	6.79	6.79
				0	6.79	6.79
				1	5.79	5.79
				0	6.79	6.79
				2	4.79	4.79
				1	5.79	5.79
				1	5.79	5.79
				1	5.79	5.79
				2	4.79	4.79
				0	6.79	6.79
				3	3.79	3.79
				2	4.79	4.79
				2	4.79	4.79
				1	5.79	5.79
				0	6.79	6.79
				0	6.79	6.79
				1	5.79	5.79
				1	5.79	5.79
				1	5.79	5.79
				101	94.21	94.21
				0	6.79	6.79
				0	6.79	6.79
				0	6.79	6.79
				3	3.79	3.79
				0	6.79	6.79
				1	5.79	5.79
				2	4.79	4.79
				2	4.79	4.79
				11	4.21	4.21
				3	3.79	3.79
				0	6.79	6.79
				1	5.79	5.79
				1	5.79	5.79
				2	4.79	4.79
				3	3.79	3.79
				1	5.79	5.79
				2	4.79	4.79
				1	5.79	5.79
				1	5.79	5.79
				6	0.79	0.79
				2	4.79	4.79
				0	6.79	6.79
				1	5.79	5.79
				1	5.79	5.79
				12	5.21	5.21
				0	6.79	6.79
				0	6.79	6.79
				1	5.79	5.79
				2	4.79	4.79
				0	6.79	6.79
				2	4.79	4.79
				3	3.79	3.79
				0	6.79	6.79
				1	5.79	5.79
				0	6.79	6.79
				0	6.79	6.79
				0	6.79	6.79
				0	6.79	6.79
				0	6.79	6.79
				0	6.79	6.79
				37	30.21	30.21
				33	26.21	26.21
				3	3.79	3.79
				3	3.79	3.79
				3	3.79	3.79
				2	4.79	4.79
				31	24.21	24.21
				27	20.21	20.21
				3	3.79	3.79
				3	3.79	3.79
				3	3.79	3.79
				4	2.79	2.79
				3	3.79	3.79
				53	46.21	46.21
				30	23.21	23.21
				1	5.79	5.79
				12	5.21	5.21
				9	2.21	2.21
				24	17.21	17.21
				0	6.79	6.79
				24	17.21	17.21
				3	3.79	3.79
				1	5.79	5.79
				2	4.79	4.79
				18	11.21	11.21
				2	4.79	4.79
				1	5.79	5.79
				0	6.79	6.79
				2	4.79	4.79
				4	2.79	2.79
				4	2.79	2.79
				48	41.21	41.21
				50	43.21	43.21
				3	3.79	3.79
				12	5.21	5.21
				1	5.79	5.79
				5	1.79	1.79
				1	5.79	5.79
				16	9.21	9.21	894.12
				
103	106	38	9.50	14	4.50	4.50
				16	6.50	6.50
				7	2.50	2.50
				1	8.50	8.50	22.00
				
107	108	13	6.50	8	1.50	1.50
				5	1.50	1.50	3.00
				
109	109	17	17.00	17	0.00	0.00	0.00
				
110	113	9	2.25	3	0.75	0.75
				2	0.25	0.25
				2	0.25	0.25
				2	0.25	0.25	1.50
				
114	117	31	7.75	21	13.25	13.25
				1	6.75	6.75
				8	0.25	0.25
				1	6.75	6.75	27.00
				
118	120	50	16.67	18	1.33	1.33
				16	0.67	0.67
				16	0.67	0.67	2.67
				
121	123	24	8.00	15	7.00	7.00
				7	1.00	1.00
				2	6.00	6.00	14.00
				
124	124	17	17.00	17	0.00	0.00	0.00
				
125	125	21	21.00	21	0.00	0.00	0.00
				
126	130	36	7.20	23	15.80	15.80
				8	0.80	0.80
				2	5.20	5.20
				2	5.20	5.20
				1	6.20	6.20	33.20
				
131	132	11	5.50	9	3.50	3.50
				2	3.50	3.50	7.00
				
			1004.4831891059875

