filesHandler/input/typo3.csv
WC: 0.0	WT: 0.0
PreProcessingChanges:OFF	PreProcessingTime:OFF
Start	End	TotUpd	mi	ei	abs	pow	sum
0	77	335	4.29	0	4.29	4.29
				1	3.29	3.29
				1	3.29	3.29
				1	3.29	3.29
				6	1.71	1.71
				1	3.29	3.29
				11	6.71	6.71
				4	0.29	0.29
				1	3.29	3.29
				0	4.29	4.29
				0	4.29	4.29
				1	3.29	3.29
				0	4.29	4.29
				27	22.71	22.71
				3	1.29	1.29
				2	2.29	2.29
				1	3.29	3.29
				11	6.71	6.71
				6	1.71	1.71
				1	3.29	3.29
				32	27.71	27.71
				8	3.71	3.71
				0	4.29	4.29
				2	2.29	2.29
				20	15.71	15.71
				0	4.29	4.29
				1	3.29	3.29
				0	4.29	4.29
				0	4.29	4.29
				1	3.29	3.29
				6	1.71	1.71
				1	3.29	3.29
				0	4.29	4.29
				0	4.29	4.29
				16	11.71	11.71
				1	3.29	3.29
				1	3.29	3.29
				0	4.29	4.29
				0	4.29	4.29
				0	4.29	4.29
				1	3.29	3.29
				9	4.71	4.71
				1	3.29	3.29
				6	1.71	1.71
				0	4.29	4.29
				1	3.29	3.29
				1	3.29	3.29
				0	4.29	4.29
				0	4.29	4.29
				1	3.29	3.29
				0	4.29	4.29
				4	0.29	0.29
				1	3.29	3.29
				13	8.71	8.71
				0	4.29	4.29
				5	0.71	0.71
				0	4.29	4.29
				1	3.29	3.29
				1	3.29	3.29
				1	3.29	3.29
				1	3.29	3.29
				1	3.29	3.29
				11	6.71	6.71
				33	28.71	28.71
				20	15.71	15.71
				1	3.29	3.29
				2	2.29	2.29
				1	3.29	3.29
				0	4.29	4.29
				21	16.71	16.71
				7	2.71	2.71
				4	0.29	0.29
				0	4.29	4.29
				8	3.71	3.71
				5	0.71	0.71
				5	0.71	0.71
				1	3.29	3.29
				1	3.29	3.29	383.03
				
78	78	1	1.00	1	0.00	0.00	0.00
				
79	79	0	0.00	0	0.00	0.00	0.00
				
80	80	0	0.00	0	0.00	0.00	0.00
				
81	81	34	34.00	34	0.00	0.00	0.00
				
82	82	1	1.00	1	0.00	0.00	0.00
				
83	83	0	0.00	0	0.00	0.00	0.00
				
84	84	1	1.00	1	0.00	0.00	0.00
				
85	85	2	2.00	2	0.00	0.00	0.00
				
86	86	124	124.00	124	0.00	0.00	0.00
				
87	87	1	1.00	1	0.00	0.00	0.00
				
88	88	31	31.00	31	0.00	0.00	0.00
				
89	89	1	1.00	1	0.00	0.00	0.00
				
90	90	1	1.00	1	0.00	0.00	0.00
				
91	91	9	9.00	9	0.00	0.00	0.00
				
92	92	6	6.00	6	0.00	0.00	0.00
				
93	93	7	7.00	7	0.00	0.00	0.00
				
94	94	3	3.00	3	0.00	0.00	0.00
				
95	95	11	11.00	11	0.00	0.00	0.00
				
96	96	11	11.00	11	0.00	0.00	0.00
				
97	97	11	11.00	11	0.00	0.00	0.00
				
			383.02563762664795

