	super_master_table	l1_tt_to_ttv	hlt_trigger_menu	hlt_trigger_group	hlt_trigger_stream	HLT_RULE_PARAMETER	l1_master_table	hlt_dll	l1_prescaled_clock	hlt_property	l1_tm_to_tt_mon	hlt_re_to_dl	hlt_ts_to_te	trigger_next_run	l1_prescale_set_alias	hlt_tm_to_ps	hlt_tt_to_tr	l1_ti_to_tt	HLT_HRS_TO_HRU	hlt_trigger_element	l1_bg_to_b	HLT_RULE	hlt_trigger_type	HLT_RULE_COMPONENT	hlt_te_to_te	l1_muctpi_info	l1_calo_info	l1_ci_to_csc	hlt_parameter	l1_trigger_item	trigger_alias	l1_calo_sin_cos	l1_trigger_menu	l1_random	l1_ctp_smx	HLT_SMT_TO_HRE	l1_pits	l1_dead_time	hlt_prescale_set_coll	hlt_prescale	hlt_tm_to_tc	l1_trigger_threshold	trigger_log	l1_bunch_group	hlt_trigger_streamtag	hlt_setup	hlt_te_to_cp	hlt_source	l1_jet_input	hlt_tc_to_st	HLT_HRC_TO_HRP	tt_users	l1_bgs_to_bg	l1_trigger_threshold_value	l1_prescale_set	hlt_so_to_py	trigger_schema	l1_ctp_files	hlt_cp_to_pa	DBCOPY_SOURCE_DATABASE	hlt_component	hlt_force_dll	l1_muon_threshold_set	HLT_HRE_TO_HRS	l1_tm_to_tt_forced	hlt_cp_to_cp	hlt_so_to_dl	HLT_HRU_TO_HRC	hlt_tc_to_tr	l1_tm_to_ps	hlt_release	hlt_tc_to_ts	hlt_tc_to_tt	hlt_trigger_signature	l1_tm_to_ti	hlt_trigger_chain	l1_random_rates	hlt_dl_to_en	l1_bunch_group_set	hlt_prescale_set	HLT_RULE_SET	hlt_st_to_cp	hlt_environment	hlt_prescale_set_alias	l1_trigger_type	hlt_master_table	l1_tm_to_tt	l1_muon_threshold_sets	
super_master_table	-	6	9	2	9	0	10	2	6	2	2	2	6	6	4	1	0	6	0	8	6	0	9	0	9	6	7	6	7	8	4	6	6	6	8	0	2	6	0	6	6	8	2	7	0	8	6	2	6	0	0	0	6	7	9	0	2	6	6	0	9	4	1	0	6	1	0	0	9	1	6	6	0	6	6	12	1	0	8	12	0	6	4	3	6	11	6	7
l1_tt_to_ttv	6	-	8	2	8	0	6	2	8	2	2	2	8	8	6	0	0	8	0	8	8	0	8	0	8	8	8	8	8	10	6	8	8	8	8	0	2	8	0	8	8	9	0	8	0	8	8	2	8	0	0	0	8	8	8	0	2	8	8	0	8	6	0	0	8	0	0	0	8	0	8	8	0	8	8	8	3	0	8	8	0	8	2	5	8	6	8	8
hlt_trigger_menu	9	8	-	2	8	0	6	2	8	2	2	2	8	8	6	0	0	8	0	10	8	0	8	0	8	8	8	8	8	10	6	8	8	8	8	0	2	8	0	8	8	9	0	8	0	10	8	2	8	0	0	0	8	8	8	0	2	8	8	0	10	6	0	0	8	0	0	0	8	0	8	8	0	8	8	11	3	0	8	10	0	8	4	5	8	8	8	8
hlt_trigger_group	2	2	2	-	4	0	2	0	2	0	2	0	2	2	2	0	0	2	0	4	2	0	2	0	4	2	2	2	2	3	2	2	2	3	2	0	2	2	0	2	2	2	0	2	0	2	2	0	2	0	0	0	2	2	2	0	2	2	2	0	4	0	0	0	2	0	0	0	2	0	2	2	0	2	2	2	1	0	2	2	0	2	0	2	2	2	2	2
hlt_trigger_stream	9	8	8	4	-	0	6	3	8	3	2	3	8	8	6	0	4	8	0	10	8	0	14	0	12	8	8	8	9	12	6	8	8	9	8	0	2	8	0	10	10	10	0	8	4	8	8	3	8	1	0	0	8	9	11	1	2	8	8	0	10	6	0	0	8	0	1	0	16	0	8	8	4	8	10	11	4	1	8	10	0	8	3	5	8	6	8	9
HLT_RULE_PARAMETER	0	0	0	0	0	-	1	0	0	0	0	0	0	0	0	0	0	0	2	0	0	2	0	2	0	0	0	0	1	0	0	0	0	0	0	0	0	0	0	0	0	0	0	1	0	0	0	0	0	0	2	0	0	0	0	0	0	0	0	0	1	0	1	0	0	0	0	2	0	0	0	0	0	0	0	0	0	0	0	0	2	0	0	0	0	0	0	1
l1_master_table	10	6	6	2	6	1	-	2	8	2	2	2	6	6	4	2	0	6	2	6	6	1	6	2	6	8	12	6	9	12	4	8	8	8	10	0	2	8	0	6	6	9	2	10	0	6	7	2	8	0	1	0	6	13	14	0	2	8	6	0	9	4	2	1	6	3	0	1	6	2	6	6	0	6	6	10	1	0	10	9	1	6	2	3	8	9	6	10
hlt_dll	2	2	2	0	3	0	2	-	2	4	0	4	2	2	0	0	0	2	0	2	2	0	2	0	2	2	2	2	4	3	0	2	2	2	2	0	0	2	0	2	3	3	0	2	0	2	2	4	2	0	0	0	2	2	2	2	0	2	2	0	2	2	0	0	2	0	2	0	2	0	2	2	0	2	3	3	0	2	2	2	0	2	4	0	2	2	2	2
l1_prescaled_clock	6	8	8	2	8	0	8	2	-	2	2	2	8	8	6	0	0	8	0	8	8	0	8	0	8	10	10	8	11	12	6	10	10	10	10	0	2	10	0	8	8	11	0	10	0	8	8	2	10	0	0	0	8	10	10	0	2	10	8	0	8	6	0	0	8	0	0	0	8	0	8	8	0	8	8	8	3	0	10	8	0	8	2	5	10	6	8	10
hlt_property	2	2	2	0	3	0	2	4	2	-	0	4	2	2	0	0	0	2	0	2	2	0	2	0	2	2	2	2	4	3	0	2	2	2	2	0	0	2	0	2	3	3	0	2	0	2	2	4	2	0	0	0	2	2	2	2	0	2	2	0	2	2	0	0	2	0	2	0	2	0	2	2	0	2	3	3	0	2	2	2	0	2	4	0	2	2	2	2
l1_tm_to_tt_mon	2	2	2	2	2	0	2	0	2	0	-	0	2	2	2	0	0	2	0	2	2	0	2	0	2	2	2	2	5	3	2	2	2	2	2	0	4	2	0	2	2	2	0	2	0	2	4	0	2	0	0	2	2	2	2	0	2	2	2	0	2	0	0	0	2	0	0	0	2	0	2	2	0	2	2	3	0	0	2	2	0	2	0	2	4	2	5	2
hlt_re_to_dl	2	2	2	0	3	0	2	4	2	4	0	-	2	2	0	0	0	2	0	2	2	0	2	0	2	2	2	2	4	3	0	2	2	2	2	0	0	2	0	2	3	3	0	2	0	2	2	4	2	0	0	0	2	2	2	2	0	2	2	0	2	2	0	0	2	0	2	0	2	0	2	2	0	2	3	3	0	2	2	2	0	2	4	0	2	2	2	2
hlt_ts_to_te	6	8	8	2	8	0	6	2	8	2	2	2	-	8	6	0	0	8	0	8	8	0	8	0	8	8	8	8	8	10	6	8	8	8	8	0	2	8	0	8	8	9	0	8	0	8	8	2	8	0	0	0	8	8	8	0	2	8	8	0	8	6	0	0	8	0	0	0	8	0	8	8	0	8	8	8	3	0	8	8	0	8	2	5	8	6	8	8
trigger_next_run	6	8	8	2	8	0	6	2	8	2	2	2	8	-	6	0	0	8	0	8	8	0	8	0	8	8	8	8	8	10	6	8	8	8	8	0	2	8	0	8	8	9	0	8	0	8	8	2	8	0	0	0	8	8	8	0	2	8	8	0	8	6	0	0	8	0	0	0	8	0	8	8	0	8	8	8	3	0	8	8	0	8	2	5	8	6	8	8
l1_prescale_set_alias	4	6	6	2	6	0	4	0	6	0	2	0	6	6	-	0	0	6	0	6	6	0	6	0	6	6	6	6	6	9	11	6	8	8	6	1	2	6	0	6	6	6	2	6	0	6	6	0	6	0	0	0	6	6	8	0	2	6	6	0	6	4	2	0	6	0	0	0	6	0	7	6	0	6	6	6	3	0	6	6	0	6	0	7	6	5	6	6
hlt_tm_to_ps	1	0	0	0	0	0	2	0	0	0	0	0	0	0	0	-	0	0	0	0	0	0	0	0	0	0	2	0	0	0	0	0	0	0	0	0	0	0	0	0	0	0	0	0	0	0	1	0	0	0	0	0	0	2	2	0	0	0	0	0	3	0	0	0	0	3	0	0	0	2	0	0	0	0	0	2	0	0	1	2	0	0	0	0	0	0	0	0
hlt_tt_to_tr	0	0	0	0	4	0	0	0	0	0	0	0	0	0	0	0	-	0	0	0	0	0	4	0	0	0	0	0	0	0	0	0	0	0	0	0	0	0	0	0	0	0	0	0	4	0	0	0	0	0	0	0	0	0	2	0	0	0	0	0	0	0	0	0	0	0	0	0	4	0	0	0	4	0	0	0	0	0	0	2	0	0	0	0	0	0	0	0
l1_ti_to_tt	6	8	8	2	8	0	6	2	8	2	2	2	8	8	6	0	0	-	0	8	8	0	8	0	8	8	8	8	8	10	6	8	8	8	8	0	2	8	0	8	8	9	0	8	0	8	8	2	8	0	0	0	8	8	8	0	2	8	8	0	8	6	0	0	8	0	0	0	8	0	8	8	0	8	8	8	3	0	8	8	0	8	2	5	8	6	8	8
HLT_HRS_TO_HRU	0	0	0	0	0	2	2	0	0	0	0	0	0	0	0	0	0	0	-	0	0	2	0	4	0	0	0	0	1	0	0	0	0	0	0	0	0	0	0	0	0	0	0	1	0	0	0	0	0	0	2	0	0	0	0	0	0	0	0	0	1	0	1	2	0	0	0	2	0	0	0	0	0	0	0	0	0	0	0	0	2	0	0	0	0	0	0	1
hlt_trigger_element	8	8	10	4	10	0	6	2	8	2	2	2	8	8	6	0	0	8	0	-	8	0	8	0	10	8	8	8	8	10	6	8	8	9	8	0	2	8	0	8	8	9	0	8	0	10	8	2	8	0	0	0	8	8	8	0	2	8	8	0	14	6	0	0	8	0	0	0	8	0	8	8	0	8	8	12	4	0	8	10	0	8	4	5	8	8	8	8
l1_bg_to_b	6	8	8	2	8	0	6	2	8	2	2	2	8	8	6	0	0	8	0	8	-	0	8	0	8	8	8	8	8	10	6	8	8	8	8	0	2	8	0	8	8	9	0	8	0	8	8	2	8	0	0	0	8	8	8	0	2	8	8	0	8	6	0	0	8	0	0	0	8	0	8	8	0	8	8	8	3	0	8	8	0	8	2	5	8	6	8	8
HLT_RULE	0	0	0	0	0	2	1	0	0	0	0	0	0	0	0	0	0	0	2	0	0	-	0	2	0	0	0	0	1	0	0	0	0	0	0	0	0	0	0	0	0	0	0	1	0	0	0	0	0	0	2	0	0	0	0	0	0	0	0	0	1	0	1	0	0	0	0	2	0	0	0	0	0	0	0	0	0	0	0	0	2	0	0	0	0	0	0	1
hlt_trigger_type	9	8	8	2	14	0	6	2	8	2	2	2	8	8	6	0	4	8	0	8	8	0	-	0	10	8	8	8	8	10	6	8	8	8	8	0	2	8	0	8	8	10	0	8	4	8	8	2	8	0	0	0	8	8	10	0	2	8	8	0	8	6	0	0	8	0	0	0	14	0	8	8	4	8	8	8	3	0	8	10	0	8	2	5	8	6	8	8
HLT_RULE_COMPONENT	0	0	0	0	0	2	2	0	0	0	0	0	0	0	0	0	0	0	4	0	0	2	0	-	0	0	0	0	1	0	0	0	0	0	0	0	0	0	0	0	0	0	0	1	0	0	0	0	0	0	2	0	0	0	0	0	0	0	0	0	1	0	1	2	0	0	0	2	0	0	0	0	0	0	0	0	0	0	0	0	2	0	0	0	0	0	0	1
hlt_te_to_te	9	8	8	4	12	0	6	2	8	2	2	2	8	8	6	0	0	8	0	10	8	0	10	0	-	8	8	8	8	11	6	8	8	9	8	0	2	8	0	8	8	10	0	8	0	8	8	2	8	0	0	0	8	8	8	0	2	8	8	0	10	6	0	0	8	0	0	0	10	0	8	8	0	8	8	8	4	0	8	9	0	8	2	5	8	6	8	8
l1_muctpi_info	6	8	8	2	8	0	8	2	10	2	2	2	8	8	6	0	0	8	0	8	8	0	8	0	8	-	10	8	11	12	6	10	10	10	10	0	2	10	0	8	8	11	0	10	0	8	8	2	10	0	0	0	8	10	10	0	2	10	8	0	8	6	0	0	8	0	0	0	8	0	8	8	0	8	8	8	3	0	10	8	0	8	2	5	10	6	8	10
l1_calo_info	7	8	8	2	8	0	12	2	10	2	2	2	8	8	6	2	0	8	0	8	8	0	8	0	8	10	-	8	11	14	7	10	10	10	10	0	2	10	0	8	8	11	0	10	0	8	9	2	10	0	0	0	8	17	15	0	2	10	8	0	11	6	0	0	8	3	0	0	8	2	8	8	0	8	8	10	3	0	11	10	0	8	2	5	10	6	8	10
l1_ci_to_csc	6	8	8	2	8	0	6	2	8	2	2	2	8	8	6	0	0	8	0	8	8	0	8	0	8	8	8	-	8	10	6	8	8	8	8	0	2	8	0	8	8	9	0	8	0	8	8	2	8	0	0	0	8	8	8	0	2	8	8	0	8	6	0	0	8	0	0	0	8	0	8	8	0	8	8	8	3	0	8	8	0	8	2	5	8	6	8	8
hlt_parameter	7	8	8	2	9	1	9	4	11	4	5	4	8	8	6	0	0	8	1	8	8	1	8	1	8	11	11	8	-	14	6	11	11	11	11	0	5	11	0	8	9	12	0	11	0	8	8	4	11	0	1	0	8	11	11	2	2	12	8	0	10	7	0	0	8	0	2	1	8	0	8	8	0	8	9	10	3	2	11	8	1	8	4	5	11	6	13	12
l1_trigger_item	8	10	10	3	12	0	12	3	12	3	3	3	10	10	9	0	0	10	0	10	10	0	10	0	11	12	14	10	14	-	9	12	12	12	12	0	3	12	0	10	12	13	0	12	0	10	10	3	12	0	0	0	10	16	16	1	3	12	10	0	10	7	0	0	10	0	1	0	10	0	10	10	0	10	12	12	3	1	12	10	0	10	3	6	12	8	10	12
trigger_alias	4	6	6	2	6	0	4	0	6	0	2	0	6	6	11	0	0	6	0	6	6	0	6	0	6	6	7	6	6	9	-	6	8	8	6	1	2	6	0	6	6	6	2	6	0	6	6	0	6	0	0	0	6	7	8	0	2	6	6	0	6	4	2	0	6	0	0	0	6	0	7	6	0	6	6	6	3	0	6	6	0	6	0	7	6	5	6	6
l1_calo_sin_cos	6	8	8	2	8	0	8	2	10	2	2	2	8	8	6	0	0	8	0	8	8	0	8	0	8	10	10	8	11	12	6	-	10	10	10	0	2	10	0	8	8	11	0	10	0	8	8	2	10	0	0	0	8	10	10	0	2	10	8	0	8	6	0	0	8	0	0	0	8	0	8	8	0	8	8	8	3	0	10	8	0	8	2	5	10	6	8	10
l1_trigger_menu	6	8	8	2	8	0	8	2	10	2	2	2	8	8	8	0	0	8	0	8	8	0	8	0	8	10	10	8	11	12	8	10	-	12	10	1	2	10	0	8	8	11	2	10	0	8	8	2	10	0	0	0	8	10	12	0	2	10	8	0	8	6	2	0	8	0	0	0	8	0	9	8	0	8	8	8	3	0	10	8	0	8	2	7	10	7	8	10
l1_random	6	8	8	3	9	0	8	2	10	2	2	2	8	8	8	0	0	8	0	9	8	0	8	0	9	10	10	8	11	12	8	10	12	-	10	1	2	10	0	8	8	11	2	10	0	8	8	2	10	0	0	0	8	10	12	0	2	10	8	0	9	6	2	0	8	0	0	0	8	0	9	8	0	8	8	8	5	0	10	8	0	8	2	7	10	7	8	10
l1_ctp_smx	8	8	8	2	8	0	10	2	10	2	2	2	8	8	6	0	0	8	0	8	8	0	8	0	8	10	10	8	11	12	6	10	10	10	-	0	2	10	0	8	8	11	2	10	0	8	8	2	10	0	0	0	8	10	10	0	2	10	8	0	8	6	0	0	8	0	0	0	8	0	8	8	0	8	8	10	3	0	10	8	0	8	2	5	10	9	8	10
HLT_SMT_TO_HRE	0	0	0	0	0	0	0	0	0	0	0	0	0	0	1	0	0	0	0	0	0	0	0	0	0	0	0	0	0	0	1	0	1	1	0	-	0	0	0	0	0	0	1	0	0	0	0	0	0	0	0	0	0	0	1	0	0	0	0	0	0	0	1	0	0	0	0	0	0	0	2	0	0	0	0	0	0	0	0	0	0	0	0	1	0	2	0	0
l1_pits	2	2	2	2	2	0	2	0	2	0	4	0	2	2	2	0	0	2	0	2	2	0	2	0	2	2	2	2	5	3	2	2	2	2	2	0	-	2	0	2	2	2	0	2	0	2	2	0	2	0	0	0	2	2	2	0	2	2	2	0	2	0	0	0	2	0	0	0	2	0	2	2	0	2	2	3	0	0	2	2	0	2	0	2	2	2	5	2
l1_dead_time	6	8	8	2	8	0	8	2	10	2	2	2	8	8	6	0	0	8	0	8	8	0	8	0	8	10	10	8	11	12	6	10	10	10	10	0	2	-	0	8	8	11	0	10	0	8	8	2	10	0	0	0	8	10	10	0	2	10	8	0	8	6	0	0	8	0	0	0	8	0	8	8	0	8	8	8	3	0	10	8	0	8	2	5	10	6	8	10
hlt_prescale_set_coll	0	0	0	0	0	0	0	0	0	0	0	0	0	0	0	0	0	0	0	0	0	0	0	0	0	0	0	0	0	0	0	0	0	0	0	0	0	0	-	0	0	0	0	0	0	0	0	0	0	0	0	0	0	0	0	0	0	0	0	0	0	0	0	0	0	0	0	0	0	0	0	0	0	0	0	0	0	0	0	0	0	0	0	0	0	0	0	0
hlt_prescale	6	8	8	2	10	0	6	2	8	2	2	2	8	8	6	0	0	8	0	8	8	0	8	0	8	8	8	8	8	10	6	8	8	8	8	0	2	8	0	-	8	9	0	8	0	8	9	2	8	1	0	0	8	8	8	0	2	8	8	0	9	6	0	0	8	1	0	0	12	0	8	8	0	8	8	8	3	0	8	8	0	8	2	5	8	6	8	8
hlt_tm_to_tc	6	8	8	2	10	0	6	3	8	3	2	3	8	8	6	0	0	8	0	8	8	0	8	0	8	8	8	8	9	12	6	8	8	8	8	0	2	8	0	8	-	9	0	8	0	8	8	3	8	0	0	0	8	9	9	1	2	8	8	0	8	6	0	0	8	0	1	0	8	0	8	8	0	8	10	10	3	1	8	8	0	8	3	5	8	6	8	8
l1_trigger_threshold	8	9	9	2	10	0	9	3	11	3	2	3	9	9	6	0	0	9	0	9	9	0	10	0	10	11	11	9	12	13	6	11	11	11	11	0	2	11	0	9	9	-	0	11	0	9	9	3	11	0	0	0	9	11	11	0	2	11	9	0	9	7	0	0	9	0	0	0	10	0	9	9	0	9	9	9	3	0	11	9	0	9	3	5	11	7	9	11
trigger_log	2	0	0	0	0	0	2	0	0	0	0	0	0	0	2	0	0	0	0	0	0	0	0	0	0	0	0	0	0	0	2	0	2	2	2	1	0	0	0	0	0	0	-	0	0	0	0	0	0	0	0	0	0	0	2	0	0	0	0	0	0	0	2	0	0	0	0	0	0	0	2	0	0	0	0	2	0	0	0	0	0	0	0	2	0	4	0	0
l1_bunch_group	7	8	8	2	8	1	10	2	10	2	2	2	8	8	6	0	0	8	1	8	8	1	8	1	8	10	10	8	11	12	6	10	10	10	10	0	2	10	0	8	8	11	0	-	0	8	8	2	10	0	1	0	8	10	11	0	2	10	8	0	8	6	2	0	8	0	0	1	8	0	8	8	0	8	8	8	3	0	11	9	1	8	2	5	10	6	8	12
hlt_trigger_streamtag	0	0	0	0	4	0	0	0	0	0	0	0	0	0	0	0	4	0	0	0	0	0	4	0	0	0	0	0	0	0	0	0	0	0	0	0	0	0	0	0	0	0	0	0	-	0	0	0	0	0	0	0	0	0	2	0	0	0	0	0	0	0	0	0	0	0	0	0	4	0	0	0	4	0	0	0	0	0	0	2	0	0	0	0	0	0	0	0
hlt_setup	8	8	10	2	8	0	6	2	8	2	2	2	8	8	6	0	0	8	0	10	8	0	8	0	8	8	8	8	8	10	6	8	8	8	8	0	2	8	0	8	8	9	0	8	0	-	8	2	8	0	0	0	8	8	8	0	2	8	8	0	10	6	0	0	8	0	0	0	8	0	8	8	0	8	8	11	3	0	8	10	0	8	4	5	8	8	8	8
hlt_te_to_cp	6	8	8	2	8	0	7	2	8	2	4	2	8	8	6	1	0	8	0	8	8	0	8	0	8	8	9	8	8	10	6	8	8	8	8	0	2	8	0	9	8	9	0	8	0	8	-	2	8	0	0	2	8	9	9	0	2	8	8	0	10	6	0	0	8	2	0	0	10	1	8	8	0	8	8	9	3	0	8	9	0	8	2	5	10	6	8	8
hlt_source	2	2	2	0	3	0	2	4	2	4	0	4	2	2	0	0	0	2	0	2	2	0	2	0	2	2	2	2	4	3	0	2	2	2	2	0	0	2	0	2	3	3	0	2	0	2	2	-	2	0	0	0	2	2	2	2	0	2	2	0	2	2	0	0	2	0	2	0	2	0	2	2	0	2	3	3	0	2	2	2	0	2	4	0	2	2	2	2
l1_jet_input	6	8	8	2	8	0	8	2	10	2	2	2	8	8	6	0	0	8	0	8	8	0	8	0	8	10	10	8	11	12	6	10	10	10	10	0	2	10	0	8	8	11	0	10	0	8	8	2	-	0	0	0	8	10	10	0	2	10	8	0	8	6	0	0	8	0	0	0	8	0	8	8	0	8	8	8	3	0	10	8	0	8	2	5	10	6	8	10
hlt_tc_to_st	0	0	0	0	1	0	0	0	0	0	0	0	0	0	0	0	0	0	0	0	0	0	0	0	0	0	0	0	0	0	0	0	0	0	0	0	0	0	0	1	0	0	0	0	0	0	0	0	0	-	0	0	0	0	0	0	0	0	0	0	0	0	0	0	0	0	0	0	1	0	0	0	0	0	0	0	0	0	0	0	0	0	0	0	0	0	0	0
HLT_HRC_TO_HRP	0	0	0	0	0	2	1	0	0	0	0	0	0	0	0	0	0	0	2	0	0	2	0	2	0	0	0	0	1	0	0	0	0	0	0	0	0	0	0	0	0	0	0	1	0	0	0	0	0	0	-	0	0	0	0	0	0	0	0	0	1	0	1	0	0	0	0	2	0	0	0	0	0	0	0	0	0	0	0	0	2	0	0	0	0	0	0	1
tt_users	0	0	0	0	0	0	0	0	0	0	2	0	0	0	0	0	0	0	0	0	0	0	0	0	0	0	0	0	0	0	0	0	0	0	0	0	0	0	0	0	0	0	0	0	0	0	2	0	0	0	0	-	0	0	0	0	0	0	0	0	0	0	0	0	0	0	0	0	0	0	0	0	0	0	0	0	0	0	0	0	0	0	0	0	2	0	0	0
l1_bgs_to_bg	6	8	8	2	8	0	6	2	8	2	2	2	8	8	6	0	0	8	0	8	8	0	8	0	8	8	8	8	8	10	6	8	8	8	8	0	2	8	0	8	8	9	0	8	0	8	8	2	8	0	0	0	-	8	8	0	2	8	8	0	8	6	0	0	8	0	0	0	8	0	8	8	0	8	8	8	3	0	8	8	0	8	2	5	8	6	8	8
l1_trigger_threshold_value	7	8	8	2	9	0	13	2	10	2	2	2	8	8	6	2	0	8	0	8	8	0	8	0	8	10	17	8	11	16	7	10	10	10	10	0	2	10	0	8	9	11	0	10	0	8	9	2	10	0	0	0	8	-	18	0	2	10	8	0	11	6	0	0	8	3	0	0	8	2	8	8	0	8	9	11	3	0	11	10	0	8	2	5	10	6	8	10
l1_prescale_set	9	8	8	2	11	0	14	2	10	2	2	2	8	8	8	2	2	8	0	8	8	0	10	0	8	10	15	8	11	16	8	10	12	12	10	1	2	10	0	8	9	11	2	11	2	8	9	2	10	0	0	0	8	18	-	0	2	10	8	0	11	6	3	0	8	3	0	0	10	2	9	8	2	8	9	11	3	0	13	14	0	8	2	7	10	7	8	11
hlt_so_to_py	0	0	0	0	1	0	0	2	0	2	0	2	0	0	0	0	0	0	0	0	0	0	0	0	0	0	0	0	2	1	0	0	0	0	0	0	0	0	0	0	1	0	0	0	0	0	0	2	0	0	0	0	0	0	0	-	0	0	0	0	0	0	0	0	0	0	2	0	0	0	0	0	0	0	1	1	0	2	0	0	0	0	2	0	0	0	0	0
trigger_schema	2	2	2	2	2	0	2	0	2	0	2	0	2	2	2	0	0	2	0	2	2	0	2	0	2	2	2	2	2	3	2	2	2	2	2	0	2	2	0	2	2	2	0	2	0	2	2	0	2	0	0	0	2	2	2	0	-	2	2	0	2	0	0	0	2	0	0	0	2	0	2	2	0	2	2	3	0	0	2	2	0	2	0	2	2	2	2	2
l1_ctp_files	6	8	8	2	8	0	8	2	10	2	2	2	8	8	6	0	0	8	0	8	8	0	8	0	8	10	10	8	12	12	6	10	10	10	10	0	2	10	0	8	8	11	0	10	0	8	8	2	10	0	0	0	8	10	10	0	2	-	8	0	8	8	0	0	8	0	0	0	8	0	8	8	0	8	8	8	3	0	10	8	0	8	2	5	10	6	10	10
hlt_cp_to_pa	6	8	8	2	8	0	6	2	8	2	2	2	8	8	6	0	0	8	0	8	8	0	8	0	8	8	8	8	8	10	6	8	8	8	8	0	2	8	0	8	8	9	0	8	0	8	8	2	8	0	0	0	8	8	8	0	2	8	-	0	8	6	0	0	8	0	0	0	8	0	8	8	0	8	8	8	3	0	8	8	0	8	2	5	8	6	8	8
DBCOPY_SOURCE_DATABASE	0	0	0	0	0	0	0	0	0	0	0	0	0	0	0	0	0	0	0	0	0	0	0	0	0	0	0	0	0	0	0	0	0	0	0	0	0	0	0	0	0	0	0	0	0	0	0	0	0	0	0	0	0	0	0	0	0	0	0	-	0	0	0	0	0	0	0	0	0	0	0	0	0	0	0	1	0	0	0	0	0	0	0	0	0	0	0	0
hlt_component	9	8	10	4	10	1	9	2	8	2	2	2	8	8	6	3	0	8	1	14	8	1	8	1	10	8	11	8	10	10	6	8	8	9	8	0	2	8	0	9	8	9	0	8	0	10	10	2	8	0	1	0	8	11	11	0	2	8	8	0	-	6	0	0	8	4	0	1	9	3	8	8	0	8	8	15	4	0	9	13	1	8	4	5	8	8	8	8
hlt_force_dll	4	6	6	0	6	0	4	2	6	2	0	2	6	6	4	0	0	6	0	6	6	0	6	0	6	6	6	6	7	7	4	6	6	6	6	0	0	6	0	6	6	7	0	6	0	6	6	2	6	0	0	0	6	6	6	0	0	8	6	0	6	-	0	0	6	0	0	0	6	0	6	6	0	6	6	6	3	0	6	6	0	6	2	3	6	4	8	6
l1_muon_threshold_set	1	0	0	0	0	1	2	0	0	0	0	0	0	0	2	0	0	0	1	0	0	1	0	1	0	0	0	0	0	0	2	0	2	2	0	1	0	0	0	0	0	0	2	2	0	0	0	0	0	0	1	0	0	0	3	0	0	0	0	0	0	0	-	0	0	0	0	1	0	0	1	0	0	0	0	0	0	0	1	1	1	0	0	2	0	1	0	2
HLT_HRE_TO_HRS	0	0	0	0	0	0	1	0	0	0	0	0	0	0	0	0	0	0	2	0	0	0	0	2	0	0	0	0	0	0	0	0	0	0	0	0	0	0	0	0	0	0	0	0	0	0	0	0	0	0	0	0	0	0	0	0	0	0	0	0	0	0	0	-	0	0	0	0	0	0	0	0	0	0	0	0	0	0	0	0	0	0	0	0	0	0	0	0
l1_tm_to_tt_forced	6	8	8	2	8	0	6	2	8	2	2	2	8	8	6	0	0	8	0	8	8	0	8	0	8	8	8	8	8	10	6	8	8	8	8	0	2	8	0	8	8	9	0	8	0	8	8	2	8	0	0	0	8	8	8	0	2	8	8	0	8	6	0	0	-	0	0	0	8	0	8	8	0	8	8	8	3	0	8	8	0	8	2	5	8	6	8	8
hlt_cp_to_cp	1	0	0	0	0	0	3	0	0	0	0	0	0	0	0	3	0	0	0	0	0	0	0	0	0	0	3	0	0	0	0	0	0	0	0	0	0	0	0	1	0	0	0	0	0	0	2	0	0	0	0	0	0	3	3	0	0	0	0	0	4	0	0	0	0	-	0	0	1	3	0	0	0	0	0	3	0	0	1	3	0	0	0	0	0	0	0	0
hlt_so_to_dl	0	0	0	0	1	0	0	2	0	2	0	2	0	0	0	0	0	0	0	0	0	0	0	0	0	0	0	0	2	1	0	0	0	0	0	0	0	0	0	0	1	0	0	0	0	0	0	2	0	0	0	0	0	0	0	2	0	0	0	0	0	0	0	0	0	0	-	0	0	0	0	0	0	0	1	1	0	2	0	0	0	0	2	0	0	0	0	0
HLT_HRU_TO_HRC	0	0	0	0	0	2	1	0	0	0	0	0	0	0	0	0	0	0	2	0	0	2	0	2	0	0	0	0	1	0	0	0	0	0	0	0	0	0	0	0	0	0	0	1	0	0	0	0	0	0	2	0	0	0	0	0	0	0	0	0	1	0	1	0	0	0	0	-	0	0	0	0	0	0	0	0	0	0	0	0	2	0	0	0	0	0	0	1
hlt_tc_to_tr	9	8	8	2	16	0	6	2	8	2	2	2	8	8	6	0	4	8	0	8	8	0	14	0	10	8	8	8	8	10	6	8	8	8	8	0	2	8	0	12	8	10	0	8	4	8	10	2	8	1	0	0	8	8	10	0	2	8	8	0	9	6	0	0	8	1	0	0	-	0	8	8	4	8	8	8	3	0	8	10	0	8	2	5	8	6	8	8
l1_tm_to_ps	1	0	0	0	0	0	2	0	0	0	0	0	0	0	0	2	0	0	0	0	0	0	0	0	0	0	2	0	0	0	0	0	0	0	0	0	0	0	0	0	0	0	0	0	0	0	1	0	0	0	0	0	0	2	2	0	0	0	0	0	3	0	0	0	0	3	0	0	0	-	0	0	0	0	0	2	0	0	1	2	0	0	0	0	0	0	0	0
hlt_release	6	8	8	2	8	0	6	2	8	2	2	2	8	8	7	0	0	8	0	8	8	0	8	0	8	8	8	8	8	10	7	8	9	9	8	2	2	8	0	8	8	9	2	8	0	8	8	2	8	0	0	0	8	8	9	0	2	8	8	0	8	6	1	0	8	0	0	0	8	0	-	8	0	8	8	8	3	0	8	8	0	8	2	6	8	8	8	8
hlt_tc_to_ts	6	8	8	2	8	0	6	2	8	2	2	2	8	8	6	0	0	8	0	8	8	0	8	0	8	8	8	8	8	10	6	8	8	8	8	0	2	8	0	8	8	9	0	8	0	8	8	2	8	0	0	0	8	8	8	0	2	8	8	0	8	6	0	0	8	0	0	0	8	0	8	-	0	8	8	8	3	0	8	8	0	8	2	5	8	6	8	8
hlt_tc_to_tt	0	0	0	0	4	0	0	0	0	0	0	0	0	0	0	0	4	0	0	0	0	0	4	0	0	0	0	0	0	0	0	0	0	0	0	0	0	0	0	0	0	0	0	0	4	0	0	0	0	0	0	0	0	0	2	0	0	0	0	0	0	0	0	0	0	0	0	0	4	0	0	0	-	0	0	0	0	0	0	2	0	0	0	0	0	0	0	0
hlt_trigger_signature	6	8	8	2	8	0	6	2	8	2	2	2	8	8	6	0	0	8	0	8	8	0	8	0	8	8	8	8	8	10	6	8	8	8	8	0	2	8	0	8	8	9	0	8	0	8	8	2	8	0	0	0	8	8	8	0	2	8	8	0	8	6	0	0	8	0	0	0	8	0	8	8	0	-	8	8	3	0	8	8	0	8	2	5	8	6	8	8
l1_tm_to_ti	6	8	8	2	10	0	6	3	8	3	2	3	8	8	6	0	0	8	0	8	8	0	8	0	8	8	8	8	9	12	6	8	8	8	8	0	2	8	0	8	10	9	0	8	0	8	8	3	8	0	0	0	8	9	9	1	2	8	8	0	8	6	0	0	8	0	1	0	8	0	8	8	0	8	-	10	3	1	8	8	0	8	3	5	8	6	8	8
hlt_trigger_chain	12	8	11	2	11	0	10	3	8	3	3	3	8	8	6	2	0	8	0	12	8	0	8	0	8	8	10	8	10	12	6	8	8	8	10	0	3	8	0	8	10	9	2	8	0	11	9	3	8	0	0	0	8	11	11	1	3	8	8	1	15	6	0	0	8	3	1	0	8	2	8	8	0	8	10	-	3	1	9	13	0	8	6	5	8	12	9	8
l1_random_rates	1	3	3	1	4	0	1	0	3	0	0	0	3	3	3	0	0	3	0	4	3	0	3	0	4	3	3	3	3	3	3	3	3	5	3	0	0	3	0	3	3	3	0	3	0	3	3	0	3	0	0	0	3	3	3	0	0	3	3	0	4	3	0	0	3	0	0	0	3	0	3	3	0	3	3	3	-	0	3	3	0	3	0	2	3	1	3	3
hlt_dl_to_en	0	0	0	0	1	0	0	2	0	2	0	2	0	0	0	0	0	0	0	0	0	0	0	0	0	0	0	0	2	1	0	0	0	0	0	0	0	0	0	0	1	0	0	0	0	0	0	2	0	0	0	0	0	0	0	2	0	0	0	0	0	0	0	0	0	0	2	0	0	0	0	0	0	0	1	1	0	-	0	0	0	0	2	0	0	0	0	0
l1_bunch_group_set	8	8	8	2	8	0	10	2	10	2	2	2	8	8	6	1	0	8	0	8	8	0	8	0	8	10	11	8	11	12	6	10	10	10	10	0	2	10	0	8	8	11	0	11	0	8	8	2	10	0	0	0	8	11	13	0	2	10	8	0	9	6	1	0	8	1	0	0	8	1	8	8	0	8	8	9	3	0	-	11	0	8	2	5	10	6	8	11
hlt_prescale_set	12	8	10	2	10	0	9	2	8	2	2	2	8	8	6	2	2	8	0	10	8	0	10	0	9	8	10	8	8	10	6	8	8	8	8	0	2	8	0	8	8	9	0	9	2	10	9	2	8	0	0	0	8	10	14	0	2	8	8	0	13	6	1	0	8	3	0	0	10	2	8	8	2	8	8	13	3	0	11	-	0	8	4	5	8	8	8	9
HLT_RULE_SET	0	0	0	0	0	2	1	0	0	0	0	0	0	0	0	0	0	0	2	0	0	2	0	2	0	0	0	0	1	0	0	0	0	0	0	0	0	0	0	0	0	0	0	1	0	0	0	0	0	0	2	0	0	0	0	0	0	0	0	0	1	0	1	0	0	0	0	2	0	0	0	0	0	0	0	0	0	0	0	0	-	0	0	0	0	0	0	1
hlt_st_to_cp	6	8	8	2	8	0	6	2	8	2	2	2	8	8	6	0	0	8	0	8	8	0	8	0	8	8	8	8	8	10	6	8	8	8	8	0	2	8	0	8	8	9	0	8	0	8	8	2	8	0	0	0	8	8	8	0	2	8	8	0	8	6	0	0	8	0	0	0	8	0	8	8	0	8	8	8	3	0	8	8	0	-	2	5	8	6	8	8
hlt_environment	4	2	4	0	3	0	2	4	2	4	0	4	2	2	0	0	0	2	0	4	2	0	2	0	2	2	2	2	4	3	0	2	2	2	2	0	0	2	0	2	3	3	0	2	0	4	2	4	2	0	0	0	2	2	2	2	0	2	2	0	4	2	0	0	2	0	2	0	2	0	2	2	0	2	3	6	0	2	2	4	0	2	-	0	2	4	2	2
hlt_prescale_set_alias	3	5	5	2	5	0	3	0	5	0	2	0	5	5	7	0	0	5	0	5	5	0	5	0	5	5	5	5	5	6	7	5	7	7	5	1	2	5	0	5	5	5	2	5	0	5	5	0	5	0	0	0	5	5	7	0	2	5	5	0	5	3	2	0	5	0	0	0	5	0	6	5	0	5	5	5	2	0	5	5	0	5	0	-	5	4	5	5
l1_trigger_type	6	8	8	2	8	0	8	2	10	2	4	2	8	8	6	0	0	8	0	8	8	0	8	0	8	10	10	8	11	12	6	10	10	10	10	0	2	10	0	8	8	11	0	10	0	8	10	2	10	0	0	2	8	10	10	0	2	10	8	0	8	6	0	0	8	0	0	0	8	0	8	8	0	8	8	8	3	0	10	8	0	8	2	5	-	6	8	10
hlt_master_table	11	6	8	2	6	0	9	2	6	2	2	2	6	6	5	0	0	6	0	8	6	0	6	0	6	6	6	6	6	8	5	6	7	7	9	2	2	6	0	6	6	7	4	6	0	8	6	2	6	0	0	0	6	6	7	0	2	6	6	0	8	4	1	0	6	0	0	0	6	0	8	6	0	6	6	12	1	0	6	8	0	6	4	4	6	-	6	6
l1_tm_to_tt	6	8	8	2	8	0	6	2	8	2	5	2	8	8	6	0	0	8	0	8	8	0	8	0	8	8	8	8	13	10	6	8	8	8	8	0	5	8	0	8	8	9	0	8	0	8	8	2	8	0	0	0	8	8	8	0	2	10	8	0	8	8	0	0	8	0	0	0	8	0	8	8	0	8	8	9	3	0	8	8	0	8	2	5	8	6	-	8
l1_muon_threshold_sets	7	8	8	2	9	1	10	2	10	2	2	2	8	8	6	0	0	8	1	8	8	1	8	1	8	10	10	8	12	12	6	10	10	10	10	0	2	10	0	8	8	11	0	12	0	8	8	2	10	0	1	0	8	10	11	0	2	10	8	0	8	6	2	0	8	0	0	1	8	0	8	8	0	8	8	8	3	0	11	9	1	8	2	5	10	6	8	-
